A_tk:  tensor([[    -0.926,     -0.426,     -2.641,      0.146,     -0.121,     -0.578,     -0.621,     -0.328,     -1.078,     -0.363,     -1.672,      2.266,      0.312,     -0.185,      1.289,      1.180,     -0.127,
              1.219,      1.438,      1.062,     -0.494,     -1.422,     -0.723,     -1.297,      0.070,     -0.007,      1.898,      0.688,     -0.078,     -0.836,      1.352,     -0.287],
        [    -0.598,     -0.328,     -0.910,     -0.805,     -0.742,     -0.050,      0.543,      1.516,      0.014,      0.453,      1.633,      0.711,     -0.181,      1.023,     -1.461,     -0.754,     -0.184,
              0.383,      0.393,     -0.083,      0.898,     -1.109,      0.112,      0.486,     -0.551,     -0.322,     -0.547,      0.906,      0.283,      0.121,      0.473,     -1.086],
        [    -0.033,     -0.973,      0.957,     -1.180,     -1.008,      0.116,      0.684,     -0.412,     -0.672,     -0.539,      0.691,     -1.555,      0.381,     -0.044,      0.359,     -0.504,     -0.311,
              0.766,     -3.125,      0.350,     -0.028,      1.445,     -0.003,      0.189,      0.225,     -0.232,      0.973,      1.680,      0.135,      0.523,      1.172,     -0.957],
        [    -0.086,     -1.500,     -0.906,     -0.453,      0.066,     -0.038,      0.582,      0.883,     -1.617,      0.449,      0.734,     -0.844,      0.660,     -0.355,     -1.914,     -0.169,      1.898,
              0.512,      1.102,     -1.391,     -0.262,     -1.445,      1.547,      0.012,      2.141,     -0.926,      1.688,     -0.256,     -0.902,     -0.213,     -0.332,     -0.202],
        [    -1.148,     -0.570,     -0.652,      2.078,     -1.406,      1.281,     -2.125,     -0.902,      0.268,     -0.773,     -0.195,     -0.355,      0.340,     -0.141,      0.352,     -0.980,     -0.393,
              0.562,      0.051,      1.586,     -0.404,     -0.225,     -0.176,      0.151,      0.061,     -1.398,     -0.034,     -0.241,      1.047,      1.289,      0.758,     -0.832],
        [     0.400,     -0.480,     -0.984,      0.938,      0.367,     -0.467,     -1.570,      1.039,     -0.574,      0.275,     -0.275,      0.159,     -2.250,      0.539,     -1.234,      1.547,      0.105,
             -0.463,      0.465,      0.150,     -1.383,      1.883,     -1.102,      0.275,     -0.684,      0.660,     -0.816,     -0.093,      0.191,      0.215,     -0.738,     -0.451],
        [    -0.136,     -1.320,     -0.875,     -0.408,      0.371,      0.230,     -1.344,     -0.500,     -0.412,     -1.508,     -1.125,     -0.249,     -0.695,     -2.188,     -0.445,      0.058,      0.271,
              1.227,     -0.015,      0.393,     -1.250,      1.609,      0.531,     -1.320,     -1.719,      0.953,     -0.226,     -0.570,      0.299,     -0.467,      2.328,      0.555],
        [     0.910,      0.293,     -2.281,      0.422,      1.117,      0.594,      0.309,      1.266,      0.103,     -1.984,      0.590,      0.155,      0.805,      0.249,     -0.684,     -0.012,     -2.375,
              0.332,      0.336,     -0.076,      0.226,     -2.453,      0.074,     -1.969,      1.164,     -0.535,      1.320,     -1.711,     -1.109,      1.344,      3.312,     -0.848],
        [     0.237,      1.086,     -0.250,     -0.498,     -1.148,      1.406,      0.910,     -0.060,      0.402,     -0.463,      0.093,      1.094,      0.676,     -0.190,     -0.475,     -1.789,      0.073,
             -0.969,     -0.151,      0.648,      0.402,     -0.457,      0.914,     -0.809,     -0.035,     -1.312,     -0.605,      1.125,     -0.703,      1.078,     -0.695,     -0.136],
        [     0.668,     -0.668,      0.191,     -1.758,     -0.586,     -0.695,     -0.124,     -0.645,     -0.209,      1.719,      0.582,     -0.065,      2.062,     -0.249,     -1.805,     -0.422,     -1.141,
              1.203,      0.350,     -0.688,     -0.436,     -1.008,     -0.922,      0.578,      1.273,     -1.844,      0.965,     -0.727,      0.043,      1.906,     -0.820,     -0.676],
        [     1.422,      0.926,      0.212,      0.594,     -0.152,     -0.412,      0.602,      2.094,      0.887,     -0.232,      0.746,     -0.271,     -0.898,      0.883,     -0.809,      0.879,     -1.766,
              0.652,     -0.064,      0.695,     -1.328,     -0.414,      0.617,     -0.371,     -0.531,      1.180,     -0.871,     -0.504,      1.906,      0.260,     -0.307,     -0.582],
        [    -0.305,      0.024,     -1.039,     -0.457,      1.398,     -0.520,      0.746,     -0.547,     -0.090,      0.011,     -0.338,      0.307,      0.369,     -2.047,      0.895,     -0.420,     -0.410,
              0.516,     -0.271,      0.475,     -0.902,      0.297,     -1.242,     -0.455,     -0.262,     -1.195,     -1.531,     -0.273,     -1.023,      0.243,      0.170,     -0.211],
        [    -0.125,      0.133,     -0.812,     -0.766,     -0.414,     -0.377,     -0.996,      0.711,     -0.330,      0.613,     -0.354,      0.301,      0.128,      0.617,     -1.234,     -0.326,      1.133,
              0.359,      0.365,     -0.412,      0.523,      0.218,     -0.287,     -1.164,      0.291,      0.707,     -0.275,      0.034,     -0.068,     -0.498,      0.594,     -0.119],
        [    -0.145,     -0.676,      0.074,      0.227,      0.275,     -0.067,     -1.078,      1.820,      0.945,     -1.867,     -0.438,      0.145,     -2.344,     -0.254,      0.332,     -0.432,     -0.609,
             -1.547,      1.070,      2.000,     -0.322,     -1.070,     -0.730,     -1.055,      2.219,      1.383,      0.973,     -0.914,      0.361,     -0.527,      0.711,     -0.038],
        [     1.656,     -1.016,      0.797,      1.055,      0.350,     -0.590,      1.375,     -0.773,     -0.073,     -0.805,     -1.031,      1.703,      1.094,      0.209,      0.637,     -0.805,     -0.135,
             -1.258,     -0.002,      0.136,      0.688,      0.434,      0.062,      1.477,      0.738,     -1.539,      1.648,     -0.320,      0.475,     -1.312,      0.715,      1.023],
        [     0.293,      0.293,     -0.471,     -1.828,      0.066,      0.500,     -1.367,      0.350,     -0.953,     -0.625,      0.594,     -0.026,     -1.477,     -0.730,      0.107,     -0.439,      0.008,
             -0.393,     -1.383,     -0.727,     -1.492,      0.010,     -0.656,      0.762,      0.342,      0.793,      1.594,     -0.348,      0.170,     -0.318,      1.406,      0.656],
        [    -0.127,      1.219,      1.438,      1.062,     -0.494,     -1.422,     -0.723,     -1.297,      0.070,     -0.007,      1.898,      0.688,     -0.078,     -0.836,      1.352,     -0.287,     -1.109,
             -0.377,      1.008,      0.836,     -0.973,     -0.918,      2.594,      2.531,      1.070,      2.859,     -0.093,     -0.980,      1.469,      1.867,     -0.520,      0.252],
        [    -0.184,      0.383,      0.393,     -0.083,      0.898,     -1.109,      0.112,      0.486,     -0.551,     -0.322,     -0.547,      0.906,      0.283,      0.121,      0.473,     -1.086,     -0.287,
              1.914,      0.463,     -1.258,     -0.063,     -0.770,      0.105,      1.180,     -0.969,      0.586,     -0.199,      1.422,      0.566,     -0.613,      0.570,      1.164],
        [    -0.311,      0.766,     -3.125,      0.350,     -0.028,      1.445,     -0.003,      0.189,      0.225,     -0.232,      0.973,      1.680,      0.135,      0.523,      1.172,     -0.957,     -0.789,
             -1.414,     -0.191,     -1.602,      0.520,      0.101,      0.508,     -1.055,     -1.555,      0.418,     -0.531,      0.361,     -0.766,     -0.949,      0.033,      0.531],
        [     1.898,      0.512,      1.102,     -1.391,     -0.262,     -1.445,      1.547,      0.012,      2.141,     -0.926,      1.688,     -0.256,     -0.902,     -0.213,     -0.332,     -0.202,     -0.465,
              0.473,      0.965,      0.032,      0.551,     -0.387,      1.992,      0.324,     -0.158,     -0.305,      0.746,      0.192,     -0.490,     -1.359,     -0.377,      0.170],
        [    -0.393,      0.562,      0.051,      1.586,     -0.404,     -0.225,     -0.176,      0.151,      0.061,     -1.398,     -0.034,     -0.241,      1.047,      1.289,      0.758,     -0.832,      1.719,
              0.633,      0.072,     -1.375,     -0.260,     -0.088,      1.781,      0.098,      1.766,      0.355,      0.074,     -0.758,     -0.695,     -0.375,     -1.695,     -1.125],
        [     0.105,     -0.463,      0.465,      0.150,     -1.383,      1.883,     -1.102,      0.275,     -0.684,      0.660,     -0.816,     -0.093,      0.191,      0.215,     -0.738,     -0.451,      0.494,
             -1.922,     -0.010,      1.484,      0.922,      0.547,      0.167,     -0.172,      0.496,     -1.703,     -0.387,     -0.781,     -0.938,     -0.629,     -0.742,     -1.172],
        [     0.271,      1.227,     -0.015,      0.393,     -1.250,      1.609,      0.531,     -1.320,     -1.719,      0.953,     -0.226,     -0.570,      0.299,     -0.467,      2.328,      0.555,      0.210,
             -2.703,      0.025,      1.406,      0.898,     -1.266,     -0.934,      1.484,     -1.633,     -0.945,     -0.023,      0.473,     -1.148,     -0.535,      0.268,     -0.146],
        [    -2.375,      0.332,      0.336,     -0.076,      0.226,     -2.453,      0.074,     -1.969,      1.164,     -0.535,      1.320,     -1.711,     -1.109,      1.344,      3.312,     -0.848,      0.504,
              1.078,      1.523,      0.077,     -0.428,     -0.742,     -1.328,      0.254,      0.114,     -0.057,     -0.289,      1.148,     -0.711,     -1.367,     -1.336,      0.406],
        [     0.073,     -0.969,     -0.151,      0.648,      0.402,     -0.457,      0.914,     -0.809,     -0.035,     -1.312,     -0.605,      1.125,     -0.703,      1.078,     -0.695,     -0.136,     -0.668,
             -0.508,     -0.036,      0.605,      1.430,      0.175,     -0.980,      0.789,     -0.200,      0.816,     -0.396,     -1.398,      0.131,      0.113,      0.355,     -2.031],
        [    -1.141,      1.203,      0.350,     -0.688,     -0.436,     -1.008,     -0.922,      0.578,      1.273,     -1.844,      0.965,     -0.727,      0.043,      1.906,     -0.820,     -0.676,     -1.133,
              0.824,     -0.293,      0.033,     -0.498,     -1.562,      0.436,     -0.559,      0.656,      1.258,      0.645,     -0.496,     -0.547,      0.699,     -0.852,      2.375],
        [    -1.766,      0.652,     -0.064,      0.695,     -1.328,     -0.414,      0.617,     -0.371,     -0.531,      1.180,     -0.871,     -0.504,      1.906,      0.260,     -0.307,     -0.582,      0.371,
              1.242,     -1.250,     -0.754,      0.590,      0.859,     -0.408,      0.562,      0.863,      2.531,     -0.352,      0.645,     -1.227,     -0.312,      0.455,     -1.938],
        [    -0.410,      0.516,     -0.271,      0.475,     -0.902,      0.297,     -1.242,     -0.455,     -0.262,     -1.195,     -1.531,     -0.273,     -1.023,      0.243,      0.170,     -0.211,     -0.348,
             -1.656,      0.508,     -1.820,      0.180,     -0.430,     -1.336,     -0.128,      1.070,      0.891,      0.648,     -0.992,      1.234,     -1.414,      1.492,     -0.046],
        [     1.133,      0.359,      0.365,     -0.412,      0.523,      0.218,     -0.287,     -1.164,      0.291,      0.707,     -0.275,      0.034,     -0.068,     -0.498,      0.594,     -0.119,     -3.031,
              1.258,     -0.432,      0.182,     -0.965,     -0.086,      1.391,      0.523,     -1.500,      0.609,      1.680,      2.453,     -1.055,      1.445,      0.922,     -0.245],
        [    -0.609,     -1.547,      1.070,      2.000,     -0.322,     -1.070,     -0.730,     -1.055,      2.219,      1.383,      0.973,     -0.914,      0.361,     -0.527,      0.711,     -0.038,      1.586,
              0.738,     -0.258,     -2.344,      0.773,      0.230,     -0.461,      1.422,     -1.484,     -0.250,     -0.625,     -1.516,     -0.992,     -0.629,      1.453,      1.680],
        [    -0.135,     -1.258,     -0.002,      0.136,      0.688,      0.434,      0.062,      1.477,      0.738,     -1.539,      1.648,     -0.320,      0.475,     -1.312,      0.715,      1.023,     -0.777,
              0.185,     -1.570,      0.031,     -0.773,     -0.311,      1.281,      0.773,     -1.375,      0.891,      0.066,      2.594,     -1.906,     -1.938,     -0.258,      1.039],
        [     0.008,     -0.393,     -1.383,     -0.727,     -1.492,      0.010,     -0.656,      0.762,      0.342,      0.793,      1.594,     -0.348,      0.170,     -0.318,      1.406,      0.656,      0.570,
              0.555,      0.307,      0.123,      0.188,      0.198,      1.359,      2.266,     -0.389,      1.266,      1.102,     -0.104,      0.742,      0.777,      0.379,     -1.078]], device='cuda:0',
       dtype=torch.bfloat16) Max: 3.3125
A_ref:  tensor([[    -0.926,     -0.426,     -2.641,      0.146,     -0.121,     -0.578,     -0.621,     -0.328,     -1.078,     -0.363,     -1.672,      2.266,      0.312,     -0.185,      1.289,      1.180,     -0.127,
              1.219,      1.438,      1.062,     -0.494,     -1.422,     -0.723,     -1.297,      0.070,     -0.007,      1.898,      0.688,     -0.078,     -0.836,      1.352,     -0.287],
        [    -0.598,     -0.328,     -0.910,     -0.805,     -0.742,     -0.050,      0.543,      1.516,      0.014,      0.453,      1.633,      0.711,     -0.181,      1.023,     -1.461,     -0.754,     -0.184,
              0.383,      0.393,     -0.083,      0.898,     -1.109,      0.112,      0.486,     -0.551,     -0.322,     -0.547,      0.906,      0.283,      0.121,      0.473,     -1.086],
        [    -0.033,     -0.973,      0.957,     -1.180,     -1.008,      0.116,      0.684,     -0.412,     -0.672,     -0.539,      0.691,     -1.555,      0.381,     -0.044,      0.359,     -0.504,     -0.311,
              0.766,     -3.125,      0.350,     -0.028,      1.445,     -0.003,      0.189,      0.225,     -0.232,      0.973,      1.680,      0.135,      0.523,      1.172,     -0.957],
        [    -0.086,     -1.500,     -0.906,     -0.453,      0.066,     -0.038,      0.582,      0.883,     -1.617,      0.449,      0.734,     -0.844,      0.660,     -0.355,     -1.914,     -0.169,      1.898,
              0.512,      1.102,     -1.391,     -0.262,     -1.445,      1.547,      0.012,      2.141,     -0.926,      1.688,     -0.256,     -0.902,     -0.213,     -0.332,     -0.202],
        [    -1.148,     -0.570,     -0.652,      2.078,     -1.406,      1.281,     -2.125,     -0.902,      0.268,     -0.773,     -0.195,     -0.355,      0.340,     -0.141,      0.352,     -0.980,     -0.393,
              0.562,      0.051,      1.586,     -0.404,     -0.225,     -0.176,      0.151,      0.061,     -1.398,     -0.034,     -0.241,      1.047,      1.289,      0.758,     -0.832],
        [     0.400,     -0.480,     -0.984,      0.938,      0.367,     -0.467,     -1.570,      1.039,     -0.574,      0.275,     -0.275,      0.159,     -2.250,      0.539,     -1.234,      1.547,      0.105,
             -0.463,      0.465,      0.150,     -1.383,      1.883,     -1.102,      0.275,     -0.684,      0.660,     -0.816,     -0.093,      0.191,      0.215,     -0.738,     -0.451],
        [    -0.136,     -1.320,     -0.875,     -0.408,      0.371,      0.230,     -1.344,     -0.500,     -0.412,     -1.508,     -1.125,     -0.249,     -0.695,     -2.188,     -0.445,      0.058,      0.271,
              1.227,     -0.015,      0.393,     -1.250,      1.609,      0.531,     -1.320,     -1.719,      0.953,     -0.226,     -0.570,      0.299,     -0.467,      2.328,      0.555],
        [     0.910,      0.293,     -2.281,      0.422,      1.117,      0.594,      0.309,      1.266,      0.103,     -1.984,      0.590,      0.155,      0.805,      0.249,     -0.684,     -0.012,     -2.375,
              0.332,      0.336,     -0.076,      0.226,     -2.453,      0.074,     -1.969,      1.164,     -0.535,      1.320,     -1.711,     -1.109,      1.344,      3.312,     -0.848],
        [     0.237,      1.086,     -0.250,     -0.498,     -1.148,      1.406,      0.910,     -0.060,      0.402,     -0.463,      0.093,      1.094,      0.676,     -0.190,     -0.475,     -1.789,      0.073,
             -0.969,     -0.151,      0.648,      0.402,     -0.457,      0.914,     -0.809,     -0.035,     -1.312,     -0.605,      1.125,     -0.703,      1.078,     -0.695,     -0.136],
        [     0.668,     -0.668,      0.191,     -1.758,     -0.586,     -0.695,     -0.124,     -0.645,     -0.209,      1.719,      0.582,     -0.065,      2.062,     -0.249,     -1.805,     -0.422,     -1.141,
              1.203,      0.350,     -0.688,     -0.436,     -1.008,     -0.922,      0.578,      1.273,     -1.844,      0.965,     -0.727,      0.043,      1.906,     -0.820,     -0.676],
        [     1.422,      0.926,      0.212,      0.594,     -0.152,     -0.412,      0.602,      2.094,      0.887,     -0.232,      0.746,     -0.271,     -0.898,      0.883,     -0.809,      0.879,     -1.766,
              0.652,     -0.064,      0.695,     -1.328,     -0.414,      0.617,     -0.371,     -0.531,      1.180,     -0.871,     -0.504,      1.906,      0.260,     -0.307,     -0.582],
        [    -0.305,      0.024,     -1.039,     -0.457,      1.398,     -0.520,      0.746,     -0.547,     -0.090,      0.011,     -0.338,      0.307,      0.369,     -2.047,      0.895,     -0.420,     -0.410,
              0.516,     -0.271,      0.475,     -0.902,      0.297,     -1.242,     -0.455,     -0.262,     -1.195,     -1.531,     -0.273,     -1.023,      0.243,      0.170,     -0.211],
        [    -0.125,      0.133,     -0.812,     -0.766,     -0.414,     -0.377,     -0.996,      0.711,     -0.330,      0.613,     -0.354,      0.301,      0.128,      0.617,     -1.234,     -0.326,      1.133,
              0.359,      0.365,     -0.412,      0.523,      0.218,     -0.287,     -1.164,      0.291,      0.707,     -0.275,      0.034,     -0.068,     -0.498,      0.594,     -0.119],
        [    -0.145,     -0.676,      0.074,      0.227,      0.275,     -0.067,     -1.078,      1.820,      0.945,     -1.867,     -0.438,      0.145,     -2.344,     -0.254,      0.332,     -0.432,     -0.609,
             -1.547,      1.070,      2.000,     -0.322,     -1.070,     -0.730,     -1.055,      2.219,      1.383,      0.973,     -0.914,      0.361,     -0.527,      0.711,     -0.038],
        [     1.656,     -1.016,      0.797,      1.055,      0.350,     -0.590,      1.375,     -0.773,     -0.073,     -0.805,     -1.031,      1.703,      1.094,      0.209,      0.637,     -0.805,     -0.135,
             -1.258,     -0.002,      0.136,      0.688,      0.434,      0.062,      1.477,      0.738,     -1.539,      1.648,     -0.320,      0.475,     -1.312,      0.715,      1.023],
        [     0.293,      0.293,     -0.471,     -1.828,      0.066,      0.500,     -1.367,      0.350,     -0.953,     -0.625,      0.594,     -0.026,     -1.477,     -0.730,      0.107,     -0.439,      0.008,
             -0.393,     -1.383,     -0.727,     -1.492,      0.010,     -0.656,      0.762,      0.342,      0.793,      1.594,     -0.348,      0.170,     -0.318,      1.406,      0.656],
        [    -1.109,     -0.377,      1.008,      0.836,     -0.973,     -0.918,      2.594,      2.531,      1.070,      2.859,     -0.093,     -0.980,      1.469,      1.867,     -0.520,      0.252,      1.406,
              2.656,      0.730,      0.852,      0.420,     -0.346,     -1.164,     -2.422,     -0.245,      0.096,      1.289,     -0.672,      0.352,     -0.070,     -0.809,      0.410],
        [    -0.287,      1.914,      0.463,     -1.258,     -0.063,     -0.770,      0.105,      1.180,     -0.969,      0.586,     -0.199,      1.422,      0.566,     -0.613,      0.570,      1.164,      0.206,
             -0.680,      0.551,      0.330,      0.063,     -0.144,      0.424,      1.188,      0.371,      0.242,      0.734,     -0.816,     -0.215,     -0.247,      0.707,     -1.023],
        [    -0.789,     -1.414,     -0.191,     -1.602,      0.520,      0.101,      0.508,     -1.055,     -1.555,      0.418,     -0.531,      0.361,     -0.766,     -0.949,      0.033,      0.531,      0.617,
             -0.746,     -0.645,     -0.153,      0.508,     -0.002,      0.555,     -0.371,      1.984,     -0.103,     -0.895,     -1.656,     -0.609,     -0.473,      0.738,     -1.578],
        [    -0.465,      0.473,      0.965,      0.032,      0.551,     -0.387,      1.992,      0.324,     -0.158,     -0.305,      0.746,      0.192,     -0.490,     -1.359,     -0.377,      0.170,     -0.031,
              0.660,     -0.162,     -0.087,     -0.785,      0.007,      0.400,      0.189,      0.211,     -1.195,     -0.324,     -0.459,     -1.344,     -0.346,      1.383,      0.777],
        [     1.719,      0.633,      0.072,     -1.375,     -0.260,     -0.088,      1.781,      0.098,      1.766,      0.355,      0.074,     -0.758,     -0.695,     -0.375,     -1.695,     -1.125,      1.078,
             -0.400,     -1.320,      0.248,     -0.157,     -0.086,     -1.141,      1.148,      0.350,      0.245,     -1.320,      1.688,     -2.109,     -0.228,      0.922,      0.551],
        [     0.494,     -1.922,     -0.010,      1.484,      0.922,      0.547,      0.167,     -0.172,      0.496,     -1.703,     -0.387,     -0.781,     -0.938,     -0.629,     -0.742,     -1.172,      0.629,
             -0.227,     -1.961,      1.969,     -0.438,     -0.381,      1.930,      1.453,     -0.676,      0.271,     -0.375,      0.688,      0.738,     -1.406,      0.566,      0.785],
        [     0.210,     -2.703,      0.025,      1.406,      0.898,     -1.266,     -0.934,      1.484,     -1.633,     -0.945,     -0.023,      0.473,     -1.148,     -0.535,      0.268,     -0.146,      0.479,
              0.438,     -0.547,     -0.047,      0.816,      1.234,      0.672,     -0.113,     -0.270,     -0.809,     -0.013,      0.396,      0.232,      0.164,     -0.582,     -1.461],
        [     0.504,      1.078,      1.523,      0.077,     -0.428,     -0.742,     -1.328,      0.254,      0.114,     -0.057,     -0.289,      1.148,     -0.711,     -1.367,     -1.336,      0.406,      0.777,
              0.828,      2.641,     -0.887,     -0.879,      1.414,     -1.219,     -2.703,      0.216,      1.273,      1.906,      0.652,     -0.105,     -1.531,     -1.031,      0.145],
        [    -0.668,     -0.508,     -0.036,      0.605,      1.430,      0.175,     -0.980,      0.789,     -0.200,      0.816,     -0.396,     -1.398,      0.131,      0.113,      0.355,     -2.031,      2.484,
              1.180,      1.523,     -0.598,      1.156,      0.100,     -2.656,      1.500,     -0.488,     -0.118,     -0.188,      0.074,      0.953,     -0.447,      0.078,      0.132],
        [    -1.133,      0.824,     -0.293,      0.033,     -0.498,     -1.562,      0.436,     -0.559,      0.656,      1.258,      0.645,     -0.496,     -0.547,      0.699,     -0.852,      2.375,      0.539,
             -0.035,     -1.562,     -0.111,      0.077,      0.305,     -0.189,      0.688,     -0.734,     -1.492,     -0.859,      0.312,      0.422,     -0.793,     -0.512,     -0.131],
        [     0.371,      1.242,     -1.250,     -0.754,      0.590,      0.859,     -0.408,      0.562,      0.863,      2.531,     -0.352,      0.645,     -1.227,     -0.312,      0.455,     -1.938,      1.656,
             -0.766,      0.021,      0.203,      0.562,     -0.340,      0.416,     -0.003,     -0.205,     -0.463,      0.820,     -1.305,     -0.613,      0.045,      0.224,      0.621],
        [    -0.348,     -1.656,      0.508,     -1.820,      0.180,     -0.430,     -1.336,     -0.128,      1.070,      0.891,      0.648,     -0.992,      1.234,     -1.414,      1.492,     -0.046,      0.235,
             -0.336,     -0.346,     -1.859,      1.352,     -0.108,     -0.222,      0.648,      0.504,     -2.031,      1.344,      0.220,      0.812,     -1.727,     -0.010,     -0.176],
        [    -3.031,      1.258,     -0.432,      0.182,     -0.965,     -0.086,      1.391,      0.523,     -1.500,      0.609,      1.680,      2.453,     -1.055,      1.445,      0.922,     -0.245,      0.953,
              1.992,     -0.254,      0.852,     -0.957,      0.941,      0.416,      0.113,      0.295,     -0.125,      0.402,      0.664,      1.648,      0.957,      0.165,     -0.264],
        [     1.586,      0.738,     -0.258,     -2.344,      0.773,      0.230,     -0.461,      1.422,     -1.484,     -0.250,     -0.625,     -1.516,     -0.992,     -0.629,      1.453,      1.680,     -1.133,
             -0.590,      0.490,      0.064,      0.719,      0.422,      0.871,     -0.660,      0.287,      0.410,      0.252,      0.309,      1.266,     -2.172,     -1.039,     -0.965],
        [    -0.777,      0.185,     -1.570,      0.031,     -0.773,     -0.311,      1.281,      0.773,     -1.375,      0.891,      0.066,      2.594,     -1.906,     -1.938,     -0.258,      1.039,      0.523,
             -1.016,     -0.902,      2.094,      0.570,      0.369,      1.016,      1.445,     -0.992,     -0.303,      0.793,      0.645,     -0.273,      0.508,     -1.547,      0.180],
        [     0.570,      0.555,      0.307,      0.123,      0.188,      0.198,      1.359,      2.266,     -0.389,      1.266,      1.102,     -0.104,      0.742,      0.777,      0.379,     -1.078,     -1.328,
              0.891,     -0.508,     -0.307,      1.633,     -0.428,     -1.406,     -1.922,     -1.047,      0.318,      0.330,     -0.355,      0.953,     -1.234,     -1.203,     -0.108]], device='cuda:0',
       dtype=torch.bfloat16) Max: 3.3125
A_diff:  tensor([[     0.000,      0.000,      0.000,      0.000,      0.000,      0.000,      0.000,      0.000,      0.000,      0.000,      0.000,      0.000,      0.000,      0.000,      0.000,      0.000,      0.000,
              0.000,      0.000,      0.000,      0.000,      0.000,      0.000,      0.000,      0.000,      0.000,      0.000,      0.000,      0.000,      0.000,      0.000,      0.000],
        [     0.000,      0.000,      0.000,      0.000,      0.000,      0.000,      0.000,      0.000,      0.000,      0.000,      0.000,      0.000,      0.000,      0.000,      0.000,      0.000,      0.000,
              0.000,      0.000,      0.000,      0.000,      0.000,      0.000,      0.000,      0.000,      0.000,      0.000,      0.000,      0.000,      0.000,      0.000,      0.000],
        [     0.000,      0.000,      0.000,      0.000,      0.000,      0.000,      0.000,      0.000,      0.000,      0.000,      0.000,      0.000,      0.000,      0.000,      0.000,      0.000,      0.000,
              0.000,      0.000,      0.000,      0.000,      0.000,      0.000,      0.000,      0.000,      0.000,      0.000,      0.000,      0.000,      0.000,      0.000,      0.000],
        [     0.000,      0.000,      0.000,      0.000,      0.000,      0.000,      0.000,      0.000,      0.000,      0.000,      0.000,      0.000,      0.000,      0.000,      0.000,      0.000,      0.000,
              0.000,      0.000,      0.000,      0.000,      0.000,      0.000,      0.000,      0.000,      0.000,      0.000,      0.000,      0.000,      0.000,      0.000,      0.000],
        [     0.000,      0.000,      0.000,      0.000,      0.000,      0.000,      0.000,      0.000,      0.000,      0.000,      0.000,      0.000,      0.000,      0.000,      0.000,      0.000,      0.000,
              0.000,      0.000,      0.000,      0.000,      0.000,      0.000,      0.000,      0.000,      0.000,      0.000,      0.000,      0.000,      0.000,      0.000,      0.000],
        [     0.000,      0.000,      0.000,      0.000,      0.000,      0.000,      0.000,      0.000,      0.000,      0.000,      0.000,      0.000,      0.000,      0.000,      0.000,      0.000,      0.000,
              0.000,      0.000,      0.000,      0.000,      0.000,      0.000,      0.000,      0.000,      0.000,      0.000,      0.000,      0.000,      0.000,      0.000,      0.000],
        [     0.000,      0.000,      0.000,      0.000,      0.000,      0.000,      0.000,      0.000,      0.000,      0.000,      0.000,      0.000,      0.000,      0.000,      0.000,      0.000,      0.000,
              0.000,      0.000,      0.000,      0.000,      0.000,      0.000,      0.000,      0.000,      0.000,      0.000,      0.000,      0.000,      0.000,      0.000,      0.000],
        [     0.000,      0.000,      0.000,      0.000,      0.000,      0.000,      0.000,      0.000,      0.000,      0.000,      0.000,      0.000,      0.000,      0.000,      0.000,      0.000,      0.000,
              0.000,      0.000,      0.000,      0.000,      0.000,      0.000,      0.000,      0.000,      0.000,      0.000,      0.000,      0.000,      0.000,      0.000,      0.000],
        [     0.000,      0.000,      0.000,      0.000,      0.000,      0.000,      0.000,      0.000,      0.000,      0.000,      0.000,      0.000,      0.000,      0.000,      0.000,      0.000,      0.000,
              0.000,      0.000,      0.000,      0.000,      0.000,      0.000,      0.000,      0.000,      0.000,      0.000,      0.000,      0.000,      0.000,      0.000,      0.000],
        [     0.000,      0.000,      0.000,      0.000,      0.000,      0.000,      0.000,      0.000,      0.000,      0.000,      0.000,      0.000,      0.000,      0.000,      0.000,      0.000,      0.000,
              0.000,      0.000,      0.000,      0.000,      0.000,      0.000,      0.000,      0.000,      0.000,      0.000,      0.000,      0.000,      0.000,      0.000,      0.000],
        [     0.000,      0.000,      0.000,      0.000,      0.000,      0.000,      0.000,      0.000,      0.000,      0.000,      0.000,      0.000,      0.000,      0.000,      0.000,      0.000,      0.000,
              0.000,      0.000,      0.000,      0.000,      0.000,      0.000,      0.000,      0.000,      0.000,      0.000,      0.000,      0.000,      0.000,      0.000,      0.000],
        [     0.000,      0.000,      0.000,      0.000,      0.000,      0.000,      0.000,      0.000,      0.000,      0.000,      0.000,      0.000,      0.000,      0.000,      0.000,      0.000,      0.000,
              0.000,      0.000,      0.000,      0.000,      0.000,      0.000,      0.000,      0.000,      0.000,      0.000,      0.000,      0.000,      0.000,      0.000,      0.000],
        [     0.000,      0.000,      0.000,      0.000,      0.000,      0.000,      0.000,      0.000,      0.000,      0.000,      0.000,      0.000,      0.000,      0.000,      0.000,      0.000,      0.000,
              0.000,      0.000,      0.000,      0.000,      0.000,      0.000,      0.000,      0.000,      0.000,      0.000,      0.000,      0.000,      0.000,      0.000,      0.000],
        [     0.000,      0.000,      0.000,      0.000,      0.000,      0.000,      0.000,      0.000,      0.000,      0.000,      0.000,      0.000,      0.000,      0.000,      0.000,      0.000,      0.000,
              0.000,      0.000,      0.000,      0.000,      0.000,      0.000,      0.000,      0.000,      0.000,      0.000,      0.000,      0.000,      0.000,      0.000,      0.000],
        [     0.000,      0.000,      0.000,      0.000,      0.000,      0.000,      0.000,      0.000,      0.000,      0.000,      0.000,      0.000,      0.000,      0.000,      0.000,      0.000,      0.000,
              0.000,      0.000,      0.000,      0.000,      0.000,      0.000,      0.000,      0.000,      0.000,      0.000,      0.000,      0.000,      0.000,      0.000,      0.000],
        [     0.000,      0.000,      0.000,      0.000,      0.000,      0.000,      0.000,      0.000,      0.000,      0.000,      0.000,      0.000,      0.000,      0.000,      0.000,      0.000,      0.000,
              0.000,      0.000,      0.000,      0.000,      0.000,      0.000,      0.000,      0.000,      0.000,      0.000,      0.000,      0.000,      0.000,      0.000,      0.000],
        [    -0.984,     -1.594,     -0.430,     -0.227,     -0.479,      0.504,      3.312,      3.828,      1.000,      2.859,     -1.992,     -1.672,      1.547,      2.703,     -1.875,      0.539,      2.516,
              3.031,     -0.277,      0.016,      1.391,      0.570,     -3.750,     -4.938,     -1.312,     -2.766,      1.383,      0.309,     -1.117,     -1.938,     -0.289,      0.158],
        [    -0.104,      1.531,      0.070,     -1.172,     -0.961,      0.340,     -0.006,      0.695,     -0.418,      0.906,      0.348,      0.516,      0.283,     -0.734,      0.098,      2.250,      0.492,
             -2.594,      0.088,      1.586,      0.126,      0.625,      0.318,      0.008,      1.344,     -0.344,      0.934,     -2.234,     -0.781,      0.367,      0.137,     -2.188],
        [    -0.479,     -2.188,      2.938,     -1.953,      0.547,     -1.344,      0.512,     -1.242,     -1.781,      0.648,     -1.500,     -1.320,     -0.898,     -1.469,     -1.141,      1.484,      1.406,
              0.668,     -0.453,      1.445,     -0.012,     -0.103,      0.047,      0.684,      3.531,     -0.520,     -0.363,     -2.016,      0.156,      0.477,      0.703,     -2.109],
        [    -2.359,     -0.039,     -0.137,      1.422,      0.812,      1.062,      0.445,      0.312,     -2.297,      0.621,     -0.941,      0.449,      0.412,     -1.148,     -0.045,      0.371,      0.434,
              0.188,     -1.125,     -0.119,     -1.336,      0.395,     -1.594,     -0.135,      0.369,     -0.891,     -1.070,     -0.652,     -0.852,      1.016,      1.758,      0.609],
        [     2.109,      0.070,      0.021,     -2.969,      0.145,      0.137,      1.953,     -0.054,      1.703,      1.750,      0.107,     -0.516,     -1.742,     -1.664,     -2.453,     -0.293,     -0.641,
             -1.031,     -1.391,      1.625,      0.103,      0.002,     -2.922,      1.047,     -1.414,     -0.110,     -1.391,      2.438,     -1.414,      0.147,      2.625,      1.672],
        [     0.389,     -1.461,     -0.475,      1.336,      2.312,     -1.336,      1.266,     -0.447,      1.180,     -2.359,      0.430,     -0.688,     -1.125,     -0.844,     -0.004,     -0.719,      0.135,
              1.695,     -1.953,      0.484,     -1.359,     -0.930,      1.766,      1.625,     -1.172,      1.977,      0.012,      1.469,      1.672,     -0.777,      1.312,      1.953],
        [    -0.062,     -3.938,      0.040,      1.016,      2.156,     -2.875,     -1.469,      2.812,      0.086,     -1.898,      0.202,      1.047,     -1.445,     -0.068,     -2.062,     -0.699,      0.270,
              3.141,     -0.570,     -1.453,     -0.082,      2.500,      1.609,     -1.594,      1.359,      0.137,      0.010,     -0.076,      1.383,      0.699,     -0.852,     -1.312],
        [     2.875,      0.746,      1.188,      0.152,     -0.652,      1.711,     -1.398,      2.219,     -1.047,      0.479,     -1.609,      2.859,      0.398,     -2.719,     -4.656,      1.250,      0.273,
             -0.250,      1.117,     -0.965,     -0.451,      2.156,      0.109,     -2.953,      0.102,      1.328,      2.188,     -0.496,      0.605,     -0.164,      0.305,     -0.262],
        [    -0.742,      0.461,      0.115,     -0.043,      1.031,      0.633,     -1.891,      1.594,     -0.166,      2.125,      0.209,     -2.531,      0.836,     -0.965,      1.047,     -1.898,      3.156,
              1.688,      1.562,     -1.203,     -0.273,     -0.075,     -1.672,      0.711,     -0.289,     -0.934,      0.208,      1.469,      0.820,     -0.559,     -0.277,      2.156],
        [     0.008,     -0.379,     -0.641,      0.719,     -0.062,     -0.555,      1.359,     -1.141,     -0.617,      3.094,     -0.320,      0.230,     -0.590,     -1.203,     -0.031,      3.047,      1.672,
             -0.859,     -1.266,     -0.145,      0.574,      1.867,     -0.625,      1.250,     -1.391,     -2.750,     -1.500,      0.809,      0.969,     -1.492,      0.340,     -2.500],
        [     2.141,      0.590,     -1.188,     -1.453,      1.922,      1.273,     -1.023,      0.934,      1.391,      1.352,      0.520,      1.148,     -3.125,     -0.570,      0.762,     -1.359,      1.281,
             -2.000,      1.273,      0.957,     -0.027,     -1.203,      0.824,     -0.566,     -1.070,     -3.000,      1.172,     -1.953,      0.613,      0.357,     -0.231,      2.562],
        [     0.062,     -2.172,      0.781,     -2.297,      1.078,     -0.727,     -0.094,      0.328,      1.328,      2.094,      2.188,     -0.719,      2.250,     -1.656,      1.320,      0.165,      0.582,
              1.320,     -0.852,     -0.039,      1.172,      0.320,      1.117,      0.777,     -0.566,     -2.922,      0.695,      1.211,     -0.422,     -0.312,     -1.500,     -0.130],
        [    -4.156,      0.898,     -0.797,      0.594,     -1.484,     -0.305,      1.680,      1.688,     -1.789,     -0.098,      1.953,      2.422,     -0.988,      1.945,      0.328,     -0.126,      3.984,
              0.734,      0.178,      0.672,      0.008,      1.031,     -0.977,     -0.410,      1.797,     -0.734,     -1.281,     -1.789,      2.703,     -0.488,     -0.758,     -0.019],
        [     2.188,      2.281,     -1.328,     -4.344,      1.094,      1.297,      0.270,      2.469,     -3.703,     -1.633,     -1.594,     -0.602,     -1.352,     -0.102,      0.742,      1.719,     -2.719,
             -1.328,      0.750,      2.406,     -0.055,      0.191,      1.328,     -2.078,      1.773,      0.660,      0.875,      1.828,      2.250,     -1.547,     -2.500,     -2.641],
        [    -0.641,      1.445,     -1.570,     -0.104,     -1.461,     -0.742,      1.219,     -0.703,     -2.109,      2.438,     -1.586,      2.906,     -2.375,     -0.625,     -0.973,      0.016,      1.297,
             -1.203,      0.668,      2.062,      1.344,      0.680,     -0.266,      0.672,      0.383,     -1.195,      0.727,     -1.953,      1.633,      2.438,     -1.289,     -0.859],
        [     0.562,      0.945,      1.688,      0.852,      1.680,      0.188,      2.016,      1.500,     -0.730,      0.473,     -0.492,      0.244,      0.570,      1.094,     -1.031,     -1.734,     -1.898,
              0.336,     -0.812,     -0.430,      1.445,     -0.625,     -2.766,     -4.188,     -0.656,     -0.945,     -0.773,     -0.252,      0.211,     -2.016,     -1.578,      0.969]], device='cuda:0',
       dtype=torch.bfloat16) Max: 3.984375
A: max_abs=4.953125, max_rel=0.4883, rel_l2=1.0757, cos=0.422767, errors=500/1024 (48.8281%)
